8
ref        0.0000000 0.0000010 0.0667106 0.2210997 0.0000010 9.0000000 1.5866597 1.7878579 
seq1       0.0000010 0.0000000 0.0667106 0.2210997 0.0000010 9.0000000 1.5866597 1.7878579 
seq2       0.0667106 0.0667106 0.0000000 0.3121203 0.0714826 9.0000000 2.5044914 3.7115699 
seq3       0.2210997 0.2210997 0.3121203 0.0000000 0.2082237 9.0000000 9.0000000 9.0000000 
seq4       0.0000010 0.0000010 0.0714826 0.2082237 0.0000000 9.0000000 2.1025198 2.6223806 
seq5       9.0000000 9.0000000 9.0000000 9.0000000 9.0000000 0.0000000 0.0000010 0.0000010 
seq6       1.5866597 1.5866597 2.5044914 9.0000000 2.1025198 0.0000010 0.0000000 0.0577207 
seq7       1.7878579 1.7878579 3.7115699 9.0000000 2.6223806 0.0000010 0.0577207 0.0000000 
